float

     100           200           400           500           800           1000          2000      

   0.000246      0.001829      0.004158      0.006281      0.016111      0.025309      0.101355   

   0.000176      0.001874      0.003963      0.006802      0.016649      0.025251      0.107060   

   0.000185      0.001059      0.003962      0.006779      0.016492      0.025498      0.100602   

   0.000200      0.000999      0.004124      0.006226      0.018162      0.025284      0.105826   

   0.000231      0.001058      0.003961      0.006263      0.016328      0.025482      0.100864   

   0.000208      0.001364      0.004034      0.006470      0.016748      0.025365      0.103141   

long double

     100           200           400           500           800           1000          2000      

   0.000280      0.002574      0.005637      0.008853      0.023195      0.042011      0.151132   

   0.000237      0.002551      0.005765      0.010430      0.023430      0.039447      0.147542   

   0.000260      0.001551      0.005610      0.008931      0.023182      0.036773      0.156359   

   0.000323      0.001408      0.006041      0.008938      0.046103      0.041391      0.152194   

   0.000320      0.001536      0.005647      0.008853      0.023751      0.036372      0.154707   

   0.000284      0.001924      0.005740      0.009201      0.027932      0.039199      0.152387   

