float

     100           200           400           500           800           1000           1      

   0.007855      0.059944      0.578002      1.026871      4.260206      8.584944      0.000001   

   0.007676      0.060329      0.554906      1.039917      5.038704      9.126598      0.000002   

   0.007843      0.066869      0.568246      1.032227      4.339776      10.077536      0.000001   

   0.007636      0.060302      0.572494      1.006807      5.058486      9.443968      0.000001   

   0.007689      0.059848      0.520820      1.022725      4.226246      9.043485      0.000001   

   0.007740      0.061458      0.558894      1.025709      4.584684      9.255306      0.000001   

long double

     100           200           400           500           800           1000           1      

   0.010458      0.103733      0.896421      1.481664      8.646915      17.681506      0.000001   

   0.010431      0.099156      1.134873      1.495306      8.900342      19.346328      0.000001   

   0.010462      0.098306      0.877532      1.477394      8.774290      18.506970      0.000001   

   0.010435      0.104882      0.824883      1.514578      8.416103      19.025344      0.000001   

   0.011272      0.097759      0.735585      1.513873      8.456423      17.685927      0.000001   

   0.010612      0.100767      0.893859      1.496563      8.638815      18.449215      0.000001   

