float

     100           200           400           500           800           1000          2000      

   0.000317      0.001078      0.004954      0.007617      0.024968      0.048570      0.177105   

   0.000276      0.001073      0.004472      0.007729      0.025808      0.042495      0.202969   

   0.000275      0.001147      0.005528      0.008021      0.024599      0.042120      0.187131   

   0.000277      0.001073      0.004473      0.007728      0.024456      0.042290      0.177128   

   0.000275      0.001136      0.004451      0.007750      0.024466      0.043549      0.204428   

   0.000284      0.001101      0.004776      0.007769      0.024859      0.043805      0.189752   

long double

     100           200           400           500           800           1000          2000      

   0.000422      0.001516      0.007337      0.011656      0.035848      0.057912      0.257333   

   0.000398      0.001534      0.007232      0.011494      0.038901      0.062871      0.260964   

   0.000412      0.001517      0.007752      0.012466      0.035606      0.057757      0.258053   

   0.000395      0.001522      0.007532      0.011823      0.061942      0.057307      0.261136   

   0.000399      0.001625      0.007250      0.011789      0.035745      0.058247      0.258987   

   0.000405      0.001543      0.007421      0.011846      0.041608      0.058819      0.259295   

