     100           200           400           500           800           1000           1      
   0.006449      0.061306      0.549040      1.148126      5.629484      7.732488      0.000001   
   0.006477      0.060237      0.593576      1.285155      3.258654      7.973149      0.000001   
   0.006843      0.060269      0.547826      1.310678      3.393245      7.663660      0.000000   
   0.006794      0.064541      0.597903      1.853377      2.655713      7.702856      0.000000   
   0.007757      0.059453      0.565347      1.122044      2.678446      7.793579      0.000001   
   0.006864      0.061161      0.570738      1.343876      3.523108      7.773146      0.000001   

     100           200           400           500           800           1000           1      
   0.009188      0.087963      0.779630      1.621893      9.522736      10.446514      0.000000   
   0.009126      0.109936      0.807869      2.001196      6.178550      10.449508      0.000001   
   0.009624      0.086796      0.771762      1.992451      5.398900      10.420084      0.000000   
   0.010182      0.087018      0.813771      2.219587      5.335639      10.485345      0.000001   
   0.010307      0.091305      0.768433      1.716651      5.281179      10.452521      0.000001   
   0.009685      0.092604      0.788293      1.910356      6.343401      10.450794      0.000001   

