float

     100           200           400           500           800           1000           1      

   0.003745      0.029294      0.272505      0.602769      2.278288      5.042687      0.000001   

   0.003717      0.029204      0.274398      0.597108      2.263074      4.999873      0.000000   

   0.003859      0.029225      0.274466      0.544582      2.311367      4.758099      0.000001   

   0.003760      0.029349      0.275265      0.545077      2.768206      4.661958      0.000001   

   0.003755      0.029220      0.272915      0.544225      2.582976      4.612062      0.000000   

   0.003767      0.029258      0.273910      0.566752      2.440782      4.814936      0.000001   

long double

     100           200           400           500           800           1000            1      

   0.005119      0.050374      0.412460      1.036363      5.109559      11.935233      0.000001   

   0.005158      0.048721      0.409311      0.883552      5.234086      11.997613      0.000000   

   0.005362      0.048677      0.413218      0.831625      5.910403      11.782217      0.000001   

   0.005217      0.048690      0.408937      0.857651      6.301225      11.296914      0.000001   

   0.005081      0.048674      0.408094      0.886158      6.249189      11.579837      0.000000   

   0.005187      0.049027      0.410404      0.899070      5.760892      11.718363      0.000001   

