float

     100           200           400           500           800           1000           1      

   0.003725      0.029094      0.230793      0.450471      1.836984      3.582675      0.000001   

   0.003776      0.029117      0.232273      0.451209      1.979460      3.585981      0.000001   

   0.003707      0.029174      0.230659      0.451055      1.834342      3.584498      0.000001   

   0.003686      0.029213      0.231096      0.449987      1.870396      3.605578      0.000000   

   0.003704      0.029510      0.231333      0.449746      1.849837      3.596039      0.000000   

   0.003720      0.029222      0.231231      0.450494      1.874204      3.590954      0.000001   

long double

     100           200           400           500           800           1000           1      

   0.004929      0.039232      0.298282      0.580356      2.592182      4.867301      0.000001   

   0.004964      0.038063      0.297895      0.579703      2.476440      4.863921      0.000001   

   0.005073      0.038310      0.298119      0.582121      2.477966      5.115109      0.000001   

   0.005070      0.037881      0.298409      0.581831      2.478268      4.870836      0.000000   

   0.004992      0.037722      0.297956      0.582404      2.483650      4.974113      0.000000   

   0.005006      0.038242      0.298132      0.581283      2.501701      4.938256      0.000001   

